,win-count
1,1
2,1
3,1
4,1
5,1
6,1
7,2
8,3
9,2
10,2
11,2
12,3
13,2
14,3
15,3
16,3
17,4
18,4
19,5
20,4
21,4
22,4
23,5
24,4
25,5
26,6
27,5
28,6
29,5
30,5
31,6
32,6
33,7
34,6
35,7
36,7
37,7
38,7
39,7
40,6
41,7
42,7
43,8
44,8
45,8
46,7
47,8
48,8
49,8
50,9
51,9
52,9
53,8
54,7
55,7
56,7
57,7
58,6
59,5
60,5
61,4
62,4
63,4
64,3
65,4
66,5
67,5
68,5
69,6
70,6
71,5
72,6
73,6
74,6
75,5
76,4
77,5
78,4
79,4
80,5
81,4
82,4
83,4
84,4
85,3
86,2
87,3
88,3
89,3
90,4
91,4
92,4
93,3
94,3
95,2
96,2
97,3
98,3
99,3
100,4
101,4
102,4
103,4
104,4
105,5
106,5
107,5
108,6
109,7
110,8
111,8
112,8
113,7
114,7
115,7
116,6
117,5
118,5
119,5
120,5
121,5
122,5
123,6
124,5
125,4
126,4
127,3
128,4
129,4
130,4
131,4
132,4
133,4
134,4
135,3
136,2
137,2
138,2
139,2
140,3
141,4
142,3
143,3
144,2
145,2
146,2
147,2
148,2
149,3
150,4
151,4
152,4
153,3
154,3
155,2
156,2
157,1
158,0
159,-1
160,0
161,0
162,1
